histValues = [ 84.8617 60.822 66.9272 73.1407 58.8644 77.5744 72.8468 63.9629 72.693 79.0992 60.4689 73.6667 63.2926 69.4438 92.2364 77.5107 39.6445 83.6189 70.307 82.3586 47.8615 63.435 81.6163 76.5337 53.6853 64.1117 82.1537 86.139 66.753 70.0575 64.9946 67.6741 74.7794 77.5065 65.7957 72.4483 26.5651 90 90 78.463 78.4631 53.1301 90 90 29.2059 63.435 72.9761 77.3956 66.7531 70.0575 82.1537 86.139 53.6853 64.1117 53.6853 82.1537 64.1117 66.7531 86.139 70.0575 76.5337 63.435 82.3586 81.6163 47.8615 70.307 67.7923 67.7923 67.7923 73.3985 73.3985 73.3985 58.4119 72.9761 77.3956 72.9761 77.3956 63.435 78.463 78.463 53.1301 53.1301 78.463 78.463 72.9762 72.9761 63.435 58.4118 77.3956 77.3956 58.4119 72.9761 77.3956 72.9761 77.3956 63.435 67.7924 67.7923 67.7923 73.3984 73.3984 73.3985 81.6163 76.5337 47.8615 63.435 70.307 82.3586 64.9946 67.6742 74.7794 77.5065 65.7957 72.4483 53.6853 64.1117 82.1537 86.139 66.7531 70.0575 65.7957 72.4483 74.7794 77.5065 64.9946 67.6742 53.6853 82.1537 64.1117 66.7531 86.139 70.0575 82.3586 63.435 76.5337 70.307 47.8615 81.6163 81.6163 76.5337 47.8615 63.4349 70.307 82.3586 68.7071 73.9681 71.1301 62.8762 68.4355 78.7448 64.4546 61.6463 71.0669 87.5017 70.7587 68.7196 29.2059 90 90 72.9761 77.3956 63.4349 89.9999 62.3189 72.1008 90.0001 40.2354 68.8799 77.8381 41.1123 90 77.8382 36.8698 89.9999 61.1808 71.1301 80.9859 84.0623 62.4881 62.3917 78.4409 53.2584 70.2773 71.82 59.6559 88.0458 37.0843 81.8239 79.0004 81.8239 79.0005 63.4352 39.8829 93.5563 79.2586 58.0283 84.6498 70.56 80.1087 62.1055 73.4262 68.1986 80.1086 62.1056 88.0459 71.82 53.2584 59.6559 70.2772 78.441 84.9683 84.9684 33.1114 53.1301 80.4393 80.4394 70.56 58.0283 93.5563 84.6498 79.2586 39.8829 71.1301 61.1808 80.9859 84.0623 62.3917 62.4881 72.1007 62.319 90 68.8799 40.2355 90 52.8118 77.3956 72.9761 71.4668 84.1725 63.4349 78.463 78.463 53.1301 53.1301 78.4631 78.4631 58.4119 72.9761 77.3956 72.9761 77.3956 63.435 72.9761 72.9761 63.435 58.4119 77.3956 77.3956 67.7924 67.7924 67.7923 73.3984 73.3985 73.3985 67.7923 67.7923 67.7923 73.3985 73.3985 73.3984 72.9761 72.9761 63.435 58.4119 77.3956 77.3956 67.7923 67.7923 67.7923 73.3985 73.3985 73.3985 58.4119 72.9761 77.3956 72.9761 77.3956 63.435 78.4631 78.4631 53.1301 53.1301 78.4631 78.463 72.9762 72.9761 63.435 58.4118 77.3956 77.3956 58.4119 72.9761 77.3956 72.9761 77.3956 63.435 67.7924 67.7924 67.7924 73.3984 73.3985 73.3985 68.8799 90 62.3189 40.2356 72.1006 90 53.2582 78.4411 70.2772 71.82 88.0461 59.6557 70.6107 61.1807 84.0624 68.7071 68.4355 71.1301 62.1054 62.1054 68.1986 73.4264 80.1087 80.1087 82.3586 63.435 82.3586 70.307 55.1305 70.307 80.4394 53.1301 80.4394 80.4394 43.6028 80.4394 78.4411 53.2582 70.2772 71.82 59.6557 88.0461 61.1807 71.1301 68.7071 84.0624 70.6107 68.4355 73.4264 62.1054 80.1087 62.1054 80.1087 68.1986 40.2356 90 90 68.8799 72.1006 62.3189 90 77.8381 41.1121 36.8699 90 77.8381 72.9761 77.3956 52.8118 63.4349 84.1725 71.4668 40.2356 90 90 68.8799 72.1006 62.3189 37.084 81.824 81.824 81.824 81.824 53.1301 53.2582 70.2772 78.4411 88.0461 71.8199 59.6557 68.7071 61.1807 71.1301 70.6107 68.4355 84.0624 81.824 81.824 37.084 53.1301 81.824 81.824 68.4355 84.0624 71.1301 70.6107 68.7071 61.1807 90 90 36.8699 41.1121 77.8381 77.8381 62.3189 68.8799 90 72.1006 90 40.2356 53.2582 78.4411 70.2772 71.82 88.0461 59.6557 82.3586 63.435 82.3586 70.307 55.1305 70.307 52.8118 71.4668 84.1725 77.3956 72.9762 63.4349 63.945 90 76.5689 42.676 66.4126 90 64.4546 71.0669 75.2121 70.7588 80.6289 60.9725 70.6107 61.1807 84.0624 68.7071 68.4355 71.1301 69.4796 69.4796 68.1986 63.6913 76.3515 76.3515 82.3586 63.435 82.3586 70.307 55.1305 70.307 78.4631 78.4631 53.1301 53.1301 78.463 78.463 58.4119 72.9761 77.3956 72.9761 77.3956 63.435 72.9761 72.9761 63.435 58.4119 77.3956 77.3956 67.7924 67.7923 67.7923 73.3984 73.3984 73.3985 67.7923 67.7923 67.7923 73.3985 73.3985 73.3984 72.9761 72.9761 63.4349 58.4119 77.3956 77.3956 67.7924 67.7923 67.7924 73.3984 73.3985 73.3984 58.4119 72.9761 77.3956 72.9761 77.3956 63.435 78.463 78.4631 53.1301 53.1301 78.463 78.4631 72.9761 72.9762 63.435 58.4119 77.3956 77.3956 58.4119 72.9761 77.3956 72.9761 77.3956 63.4349 67.7923 67.7924 67.7923 73.3984 73.3985 73.3984 80.4394 53.1301 80.4394 80.4394 43.6028 80.4394 78.4411 53.2582 70.2772 71.82 59.6557 88.0461 61.1807 71.1301 68.7071 84.0624 70.6107 68.4355 73.4264 62.1054 80.1087 62.1054 80.1087 68.1986 40.2356 90 90 68.8799 72.1006 62.3189 90 77.8381 41.1121 36.8699 90 77.8381 84.1725 71.4668 52.8118 63.4349 72.9761 77.3956 42.6759 90 90 63.9451 66.4126 76.5689 37.084 81.824 81.824 81.824 81.824 53.1301 64.4546 75.2121 71.0669 80.6289 70.7587 60.9725 68.7071 61.1807 71.1301 70.6107 68.4355 84.0624 81.824 81.824 37.084 53.1301 81.824 81.824 68.4355 84.0624 71.1301 70.6107 68.7071 61.1807 90 90 36.8699 41.1121 77.8381 77.8381 62.3189 68.8799 90 72.1006 90 40.2356 53.2582 78.4411 70.2772 71.82 88.0461 59.6557 82.3586 63.435 82.3586 70.307 55.1305 70.307 52.8118 71.4668 84.1725 77.3956 72.9762 63.4349 60.043 94.4041 70.5599 43.0331 80.3663 76.6601 67.7923 67.7923 80.7255 73.3985 66.6751 66.6751 73.3985 67.7923 73.3985 67.7923 73.3984 67.7924 72.9761 72.9761 75.9638 58.4119 72.0795 72.0795 90 90 29.2059 63.435 77.3956 72.9761 90 90 26.565 53.1301 78.4631 78.4631 78.4631 83.7732 53.1301 40.6013 78.463 83.7731 58.4118 72.9761 77.3956 72.9762 77.3956 63.4349 72.9761 80.7052 63.435 44.822 77.3956 83.0856 67.7923 67.7923 67.7924 73.3984 73.3985 73.3985 67.7923 67.7923 67.7924 73.3985 73.3985 73.3984 72.9761 72.9761 63.4349 58.4119 77.3956 77.3956 83.7731 78.463 53.1301 40.6013 83.7731 78.463 84.1725 71.4668 52.8118 63.4349 72.9761 77.3956 43.0331 94.4041 76.6601 60.043 80.3663 70.5599 58.4119 72.9761 77.3956 72.9761 77.3956 63.4349 67.7923 80.7255 67.7923 66.6751 73.3985 66.6751 67.7923 67.7923 67.7924 73.3985 73.3984 73.3985 29.2059 90 90 72.9761 77.3956 63.435 89.9999 62.3189 72.1007 90.0001 40.2355 68.8799 77.8381 41.1122 90 77.8382 36.8698 90 61.1807 71.1301 80.9858 84.0623 62.4881 62.3917 78.441 53.2583 70.2773 71.82 59.6558 88.0459 37.0841 81.824 79.0005 81.8239 79.0005 63.4351 39.8829 93.5563 79.2586 58.0283 84.6498 70.56 80.1087 62.1054 73.4263 68.1986 80.1086 62.1055 88.046 71.82 53.2583 59.6558 70.2772 78.441 84.9684 84.9684 33.1114 53.1301 80.4393 80.4394 70.56 58.0283 93.5563 84.6498 79.2586 39.8829 29.2059 90 90 77.3956 72.9761 63.4349 71.1301 61.1807 80.9858 84.0624 62.3917 62.4881 78.463 78.463 53.1301 53.1301 78.463 78.463 67.7924 67.7923 67.7923 73.3985 73.3984 73.3985 67.7924 67.7923 67.7924 73.3985 73.3984 73.3985 72.9761 72.9761 63.435 58.4119 77.3956 77.3956 63.4349 72.9761 72.9761 77.3956 77.3956 58.4119 72.9761 72.9761 63.435 58.4119 77.3956 77.3956 72.1007 62.3189 90 68.8799 40.2356 90 52.8118 77.3956 72.9761 71.4668 84.1725 63.4349 68.8799 90 62.3189 40.2356 72.1006 90 53.2582 78.4411 70.2772 71.8199 88.0461 59.6557 70.6107 61.1807 84.0624 68.7071 68.4355 71.1301 62.1054 62.1054 68.1986 73.4264 80.1087 80.1087 82.3586 63.435 82.3586 70.307 55.1305 70.307 80.4394 53.1301 80.4394 80.4394 43.6028 80.4394 78.4411 53.2582 70.2772 71.82 59.6557 88.0461 29.2059 90 90 77.3956 72.9761 63.435 61.1807 71.1301 68.7071 84.0624 70.6107 68.4355 90 90 26.565 53.1301 78.4631 78.463 26.565 90 90 78.463 78.4631 53.1301 73.4264 62.1054 80.1087 62.1054 80.1087 68.1986 29.2059 90 90 72.9761 77.3956 63.4349 40.2356 90 90 68.8799 72.1006 62.3189 90 77.8381 41.1121 36.8699 90 77.8381 72.9761 77.3956 52.8118 63.4349 84.1725 71.4668 67.7923 67.7924 67.7924 73.3985 73.3985 73.3984 58.4119 72.9761 77.3956 72.9761 77.3956 63.435 78.463 78.463 53.1301 53.1301 78.463 78.463 72.9762 72.9761 63.435 58.4118 77.3956 77.3956 58.4118 72.9762 77.3956 72.9761 77.3956 63.435 67.7924 67.7923 67.7923 73.3984 73.3984 73.3985 40.2356 90 90 68.8799 72.1006 62.3189 37.084 81.8241 81.824 81.8241 81.824 53.1301 53.2582 70.2772 78.4411 88.0461 71.8199 59.6557 68.7071 61.1807 71.1301 70.6107 68.4355 84.0624 81.824 81.824 37.084 53.1301 