histValues = [ 90 90 26.5651 53.1301 78.463 78.4631 90 90 29.2059 63.435 72.9761 77.3956 67.7923 67.7923 67.7924 73.3985 73.3984 73.3985 58.4119 72.9761 77.3956 72.9761 77.3956 63.435 78.463 78.463 53.1301 53.1301 78.463 78.463 72.9761 72.9761 63.435 58.4119 77.3956 77.3956 58.4119 72.9761 77.3956 72.9761 77.3956 63.435 67.7924 67.7923 67.7923 73.3985 73.3984 73.3985 67.8603 86.6322 59.6275 77.3956 63.4349 72.9761 73.3984 73.3985 67.7924 73.3985 67.7924 67.7923 73.3985 67.7923 73.3984 67.7923 73.3985 67.7924 73.3985 73.3984 67.7924 73.3985 67.7923 67.7924 67.7924 73.3985 73.3984 67.7923 67.7924 73.3985 72.9761 84.6771 77.3956 60.3761 63.4349 68.381 77.3956 84.6772 72.9761 68.381 63.4349 60.3761 73.3984 73.3985 67.7924 73.3985 67.7924 67.7923 73.3985 67.7924 73.3984 67.7923 73.3985 67.7924 73.3985 73.3984 67.7924 73.3985 67.7923 67.7924 67.7924 73.3985 73.3984 67.7923 67.7924 73.3985 72.9761 84.6771 77.3956 60.3761 63.4349 68.381 78.4631 78.4631 53.1301 53.1301 78.463 78.4631 58.4119 72.9761 77.3956 72.9761 77.3956 63.435 72.9761 72.9761 63.435 58.4119 77.3956 77.3956 67.7923 67.7923 67.7923 73.3985 73.3985 73.3985 67.7923 67.7923 67.7923 73.3985 73.3985 73.3985 72.9761 72.9761 63.4349 58.4119 77.3956 77.3956 67.7924 67.7923 67.7923 73.3984 73.3985 73.3985 58.4119 72.9761 77.3956 72.9761 77.3956 63.4349 78.463 78.463 53.1301 53.1301 78.463 78.463 72.9761 72.9761 63.435 58.4119 77.3956 77.3956 58.4119 72.9761 77.3956 72.9761 77.3956 63.435 67.7923 67.7923 67.7924 73.3985 73.3985 73.3984 72.9761 86.4249 77.3956 59.7053 63.4349 67.9143 73.3984 73.3985 67.7923 73.3984 67.7924 67.7923 73.3985 67.7923 73.3984 67.7923 73.3984 67.7924 55.6289 74.5144 78.5211 72.9761 77.3956 63.4349 79.8233 97.3598 39.854 78.7583 73.2163 60.9454 54.7541 102.604 63.9833 66.0602 69.4487 72.0357 68.3351 86.0159 69.5245 41.258 70.7588 90.2483 63.4349 77.3956 77.3956 72.9762 72.9761 58.4119 73.8929 72.9761 77.3956 90.8353 46.7974 63.4349 78.463 78.9965 78.463 69.2389 53.1301 69.2389 63.9833 102.604 54.7541 72.0357 69.4486 66.0602 73.8798 81.917 74.7468 40.3529 70.7587 85.5644 77.3956 63.4349 77.3956 72.9762 58.4119 72.9761 97.3598 79.8234 39.8539 78.7583 60.9454 73.2163 64.2771 90 64.2771 76.0473 59.5373 76.0473 63.9833 102.604 54.7541 72.0357 69.4487 66.0602 73.8798 81.917 74.7468 40.3529 70.7587 85.5644 64.2771 90 64.2771 76.0473 59.5373 76.0473 74.7468 81.917 73.8798 85.5644 70.7587 40.3529 54.7541 102.604 63.9833 66.0602 69.4486 72.0358 84.656 58.4119 77.3956 84.656 37.5686 77.3956 73.2163 77.7788 78.7583 41.2527 60.9454 97.7161 54.7541 102.604 63.9833 66.0602 69.4486 72.0357 68.3351 86.0159 69.5245 41.258 70.7588 90.2483 63.4349 77.3956 77.3956 72.9762 72.9761 58.4119 73.8929 72.9762 77.3956 90.8353 46.7974 63.4349 78.4631 78.4631 53.1301 53.1301 78.4631 78.4631 58.4119 72.9761 77.3956 72.9761 77.3956 63.4349 72.9761 72.9761 63.435 58.4118 77.3956 77.3956 67.7923 67.7923 67.7924 73.3985 73.3985 73.3985 67.7924 67.7923 67.7923 73.3985 73.3984 73.3985 72.9761 72.9761 63.435 58.4119 77.3956 77.3956 67.7924 67.7923 67.7923 73.3984 73.3985 73.3985 58.4119 72.9761 77.3956 72.9761 77.3956 63.4349 77.4562 78.463 53.1301 55.6196 77.4562 78.463 71.5438 72.9761 63.4349 61.0516 76.3515 77.3956 58.4119 72.9761 77.3956 72.9761 77.3956 63.435 67.7923 67.7923 67.7924 73.3985 73.3985 73.3984 78.463 78.9965 78.463 69.2389 53.1301 69.2389 63.9833 102.604 54.7541 72.0357 69.4486 66.0602 73.8798 81.917 74.7468 40.3529 70.7587 85.5644 77.3956 63.4349 77.3956 72.9762 58.4119 72.9761 78.7583 77.7788 73.2163 97.7161 60.9454 41.2527 64.2771 90 64.2771 76.0473 59.5373 76.0473 63.9833 102.604 54.7541 72.0358 69.4486 66.0602 73.8798 81.917 74.7468 40.3529 70.7587 85.5644 64.2771 90 64.2771 76.0473 59.5373 76.0473 74.7468 81.917 73.8798 85.5644 70.7587 40.3529 54.7541 102.604 63.9833 66.0602 69.4486 72.0358 84.656 58.4119 77.3956 84.656 37.5686 77.3956 78.7583 79.3246 73.2163 99.0176 60.9454 39.0352 54.2404 104.102 63.629 66.0602 69.4486 72.0357 91.3608 87.4583 39.0089 69.5245 70.7587 68.3351 63.4349 77.3956 77.3956 72.9762 72.9761 58.4119 66.0375 100.465 44.8453 63.435 77.3956 72.9762 79.5352 79.5352 50.5275 53.1301 78.463 78.463 73.2163 79.3246 78.7583 39.0352 60.9454 99.0176 63.629 104.102 54.2403 72.0357 69.4486 66.0602 39.0089 87.4583 91.3609 68.3351 70.7587 69.5245 44.8453 100.465 66.0375 72.9762 77.3956 63.4349 79.8234 97.3598 39.8539 78.7583 73.2163 60.9454 29.2059 90 90 77.3956 72.9761 63.4349 78.463 78.463 53.1301 53.1301 78.463 78.463 67.7924 67.7923 67.7923 73.3984 73.3985 73.3985 67.7923 67.7923 67.7924 73.3985 73.3985 73.3984 72.9761 72.9761 63.435 58.4119 77.3956 77.3956 63.435 72.9761 72.9761 77.3956 77.3956 58.4119 72.9761 72.9761 63.435 58.4119 77.3956 77.3956 29.2059 90 90 77.3956 72.9761 63.435 90 90 26.5651 53.1301 78.463 78.463 26.565 90 90 78.463 78.463 53.1301 29.2059 90 90 72.9761 77.3956 63.4349 67.7923 67.7924 67.7923 73.3985 73.3985 73.3985 58.4119 72.9761 77.3956 72.9761 77.3956 63.435 78.463 78.463 53.1301 53.1301 78.463 78.463 72.9761 72.9761 63.435 58.4119 77.3956 77.3956 58.4119 72.9761 77.3956 72.9761 77.3956 63.4349 67.7923 67.7923 67.7924 73.3985 73.3985 73.3984 90 90 29.2059 63.435 72.9761 77.3956 67.7923 67.7923 67.7923 73.3985 73.3985 73.3984 72.9761 72.9761 63.435 58.4119 77.3956 77.3956 67.7923 67.7923 67.7924 73.3985 73.3985 73.3985 63.435 72.9761 72.9761 77.3956 77.3956 58.4119 63.4349 72.9761 72.9761 77.3956 77.3956 58.4119 78.463 78.463 53.1301 53.1301 78.463 78.463 67.7923 67.7924 67.7923 73.3985 73.3985 73.3985 67.7923 67.7923 67.7923 73.3985 73.3985 73.3985 72.9761 72.9761 63.4349 58.4119 77.3956 77.3956 63.4349 72.9761 72.9761 77.3956 77.3956 58.4119 72.9761 72.9761 63.4349 58.4119 77.3956 77.3956 54.7541 102.604 63.9833 66.0602 69.4487 72.0357 68.3351 86.0159 69.5245 41.258 70.7588 90.2483 29.2059 90 90 72.9761 77.3956 63.435 26.565 90 90 78.463 78.4631 53.1301 63.4349 77.3956 77.3956 72.9762 72.9762 58.4119 73.8929 72.9761 77.3956 90.8353 46.7974 63.4349 78.463 78.9965 78.463 69.2389 53.1301 69.2389 63.9833 102.604 54.7541 72.0358 69.4486 66.0602 73.8798 81.917 74.7468 40.3529 70.7587 85.5644 29.2059 90 90 77.3956 72.9761 63.435 90 90 26.565 53.1301 78.4631 78.463 78.463 78.463 53.1301 53.1301 78.463 78.463 58.4119 72.9761 77.3956 72.9761 77.3956 63.435 72.9761 72.9761 63.4349 58.4118 77.3956 77.3956 67.7923 67.7923 67.7924 73.3985 73.3984 73.3985 67.7923 67.7923 67.7923 73.3985 73.3984 73.3985 72.9761 72.9761 63.4349 58.4119 77.3956 77.3956 67.7923 67.7924 67.7923 73.3985 73.3985 73.3985 58.4119 72.9761 77.3956 72.9761 77.3956 63.4349 78.463 78.463 53.1301 53.1301 78.463 78.463 72.9761 72.9761 63.4349 58.4119 77.3956 77.3956 58.4119 72.9761 77.3956 72.9761 77.3956 63.435 67.7923 67.7923 67.7923 73.3985 73.3984 73.3984 90 90 29.2059 63.435 77.3956 72.9761 90 90 29.2059 63.435 72.9761 77.3956 67.7923 67.7923 67.7923 73.3985 73.3985 73.3985 72.9761 72.9761 63.4349 58.4119 77.3956 77.3956 67.7923 67.7923 67.7924 73.3985 73.3984 73.3985 63.435 72.9761 72.9761 77.3956 77.3956 58.4118 63.4349 72.9761 72.9761 77.3956 77.3956 58.4118 77.4562 78.463 53.1301 55.6197 77.4562 78.463 67.7923 67.7924 67.7923 73.3985 73.3985 73.3985 67.7923 67.7923 67.7923 73.3985 73.3985 73.3985 72.9761 72.9761 63.4349 58.4118 77.3956 77.3956 63.435 72.9761 71.5438 77.3956 76.3515 61.0516 72.9761 72.9761 63.4349 58.4119 77.3956 77.3956 77.3956 63.4349 77.3956 72.9761 58.4119 72.9761 97.3598 79.8234 39.8539 78.7583 60.9454 73.2163 29.2059 90 90 72.9761 77.3956 63.435 26.5651 90 90 78.4631 78.463 53.1301 64.2771 90 64.2771 76.0473 59.5374 76.0473 63.9833 102.604 54.7541 72.0357 69.4487 66.0602 73.8798 81.917 74.7468 40.3529 70.7587 85.5644 64.2771 90 64.2771 76.0473 59.5374 76.0473 74.7468 81.917 73.8798 85.5644 70.7587 40.3529 29.2059 90 90 77.3956 72.9761 63.435 90 90 26.5651 53.1301 78.463 78.4631 78.4631 78.4631 53.1301 53.1301 78.4631 78.4631 58.4119 72.9761 77.3956 72.9761 77.3956 63.4349 72.9761 72.9761 63.4349 58.4118 77.3956 77.3956 67.7923 67.7923 67.7923 73.3985 73.3984 