histValues = [ 70.8606 70.8606 65.8589 61.6139 77.0006 77.0007 73.6131 62.3632 67.4097 73.9324 65.5867 80.1662 76.7738 70.7504 69.3989 65.3744 78.1312 63.6421 35.3898 91.6467 85.8166 69.0269 75.9466 66.8014 80.0425 57.2648 80.0425 78.6149 45.493 78.6149 32.7352 90 90 77.7009 77.7009 46.3972 26.565 90 90 78.463 78.463 53.1301 90 90 29.2059 63.435 72.9761 77.3956 72.3244 69.746 65.7592 66.0993 77.5171 71.7974 69.8255 68.4142 63.554 70.3143 79.8579 71.8552 90 90 37.1412 70.887 67.8057 71.2544 67.7923 67.7923 67.7923 73.3985 73.3985 73.3984 58.4119 72.9761 77.3956 72.9761 77.3956 63.435 78.463 78.463 53.1301 53.1301 78.463 78.463 72.9761 72.9761 63.435 58.4119 77.3956 77.3956 58.4119 72.9761 77.3956 72.9761 77.3956 63.4349 67.7924 67.7923 67.7923 73.3984 73.3985 73.3985 54.8269 79.8733 73.6904 72.9761 77.3956 63.435 67.4097 62.3632 73.6132 80.1662 65.5868 73.9324 85.8166 91.6467 35.3898 66.8014 75.9466 69.0269 70.7794 68.1801 63.8185 72.6579 69.2785 78.9621 35.8687 90 90 74.291 70.2633 62.7158 75.275 62.9283 66.3597 70.0082 66.1816 82.0969 69.8668 58.8621 73.8006 82.1106 65.2503 72.9955 75.8092 75.8092 64.8594 48.4254 78.8433 78.8433 34.4092 82.5954 93.7671 86.3934 64.4447 59.3493 90 90 32.7352 46.3972 77.7009 77.7009 79.6738 79.6738 47.2589 53.1301 79.6738 79.6738 90 89.9999 35.8686 62.7158 70.2633 74.2911 66.628 66.8062 78.881 66.8062 78.8809 66.3706 56.2045 71.3055 80.4797 71.3054 80.4797 63.435 69.8668 73.8004 58.8623 65.2505 82.1103 72.9955 69.8254 68.4142 63.5541 70.3144 79.8577 71.8553 77.3956 72.9761 58.4118 63.435 77.3956 72.9761 73.3985 73.3985 67.7923 73.3985 67.7923 67.7923 78.4631 78.4631 53.1301 53.1301 78.463 78.4631 63.435 72.9761 72.9761 77.3956 77.3956 58.4118 67.7923 67.7923 67.7923 73.3985 73.3985 73.3985 77.3956 63.435 77.3956 72.9761 58.4118 72.9761 71.3055 78.2374 63.435 51.9959 80.4797 76.8252 75.9701 65.7723 59.3128 71.6378 69.8606 80.9093 71.9157 67.7511 66.2444 72.8611 68.7134 75.8554 63.435 79.8733 72.9761 73.6904 77.3956 54.8269 78.463 78.463 53.1301 53.1301 78.463 78.463 58.4119 72.9761 77.3956 72.9761 77.3956 63.435 72.9761 72.9761 63.435 58.4119 77.3956 77.3956 67.7923 67.7924 67.7924 73.3984 73.3985 73.3985 67.7923 67.7924 67.7923 73.3985 73.3985 73.3984 72.9761 72.9761 63.4349 58.4119 77.3956 77.3956 67.7924 67.7923 67.7923 73.3985 73.3985 73.3985 58.4119 72.9761 77.3956 72.9761 77.3956 63.435 78.463 78.463 53.1301 53.1301 78.463 78.463 72.9761 72.9762 63.435 58.4118 77.3956 77.3956 58.4119 72.9761 77.3956 72.9761 77.3956 63.435 67.7924 67.7924 67.7923 73.3984 73.3985 73.3985 66.3706 70.8605 70.8605 76.7595 76.7595 61.6139 69.746 65.7592 72.3244 71.7974 66.0993 77.5171 90 90 37.1412 70.887 67.8057 71.2544 63.554 69.8255 68.4142 79.8579 71.8552 70.3143 61.614 76.7595 70.8605 76.7595 70.8605 66.3706 72.9761 79.8733 63.435 54.8269 77.3956 73.6904 69.746 72.3244 65.7592 66.0993 71.7974 77.5171 79.8579 69.8255 70.3143 63.554 71.8552 68.4142 37.1412 90 90 71.2544 67.8058 70.887 80.0425 57.2648 80.0425 78.6149 45.493 78.6149 32.7352 90 90 77.7009 77.7009 46.3972 72.3244 69.746 65.7592 66.0993 77.5171 71.7974 69.8255 68.4142 63.554 70.3143 79.8579 71.8552 90 90 37.1412 70.887 67.8057 71.2544 54.8269 79.8733 73.6904 72.9761 77.3956 63.435 58.8621 69.8668 73.8006 82.1106 72.9954 65.2503 90 90 35.8687 62.7158 70.2633 74.291 66.806 66.806 66.3706 66.6283 78.881 78.881 30.7544 86.8202 86.8202 79.6738 79.6738 53.1301 34.4092 93.7671 82.5954 64.4447 86.3934 59.3493 75.275 66.3597 62.9283 66.1816 70.0082 82.0969 35.8687 90 90 74.291 70.2633 62.7158 75.275 62.9283 66.3597 70.0082 66.1816 82.0969 69.8668 58.8621 73.8006 82.1106 65.2503 72.9955 75.8092 75.8092 64.8594 48.4254 78.8433 78.8433 34.4092 82.5954 93.7671 86.3934 64.4447 59.3493 90 90 32.7352 46.3972 77.7009 77.7009 78.4631 78.4631 53.1301 53.1301 78.4631 78.4631 78.463 78.463 53.1301 53.1301 78.463 78.463 58.4119 72.9761 77.3956 72.9761 77.3956 63.435 72.9761 72.9761 63.435 58.4119 77.3956 77.3956 67.7924 67.7924 67.7923 73.3984 73.3985 73.3985 67.7924 67.7923 67.7923 73.3985 73.3985 73.3985 72.9761 72.9761 63.435 58.4119 77.3956 77.3956 67.7923 67.7923 67.7923 73.3985 73.3984 73.3985 58.4118 72.9761 77.3956 72.9761 77.3956 63.4349 78.463 78.463 53.1301 53.1301 78.463 78.463 72.9761 72.9761 63.435 58.4119 77.3956 77.3956 58.4119 72.9761 77.3956 72.9761 77.3956 63.435 67.7924 67.7923 67.7924 73.3985 73.3984 73.3985 72.9761 77.3956 58.4119 63.435 72.9761 77.3956 58.4118 72.9761 77.3956 72.9761 77.3956 63.435 58.4118 72.9761 77.3956 72.9761 77.3956 63.435 67.7924 67.7924 67.7923 73.3984 73.3985 73.3985 67.7924 67.7923 67.7923 73.3984 73.3985 73.3985 77.3956 72.9761 58.4118 63.435 77.3956 72.9761 73.3985 73.3985 67.7923 73.3985 67.7923 67.7923 78.4631 78.4631 53.1301 53.1301 78.463 78.4631 63.435 72.9761 72.9761 77.3956 77.3956 58.4118 67.7923 67.7923 67.7923 73.3985 73.3985 73.3985 77.3956 63.4349 77.3956 72.9761 58.4119 72.9761 37.1412 90 90 71.2544 67.8058 70.887 57.2648 78.6149 78.6149 80.0425 80.0425 45.493 72.9761 79.8733 63.435 54.8269 77.3956 73.6904 69.8255 63.554 68.4142 79.8579 70.3143 71.8552 69.746 72.3244 65.7592 66.0993 71.7974 77.5171 90 90 32.7352 46.3972 77.7009 77.7009 63.435 79.8733 72.9761 73.6904 77.3956 54.8269 66.3706 70.8605 70.8605 76.7595 76.7595 61.614 69.746 65.7592 72.3244 71.7974 66.0993 77.5171 90 90 37.1412 70.887 67.8057 71.2544 63.554 69.8255 68.4142 79.8579 71.8552 70.3143 61.614 76.7595 70.8605 76.7595 70.8605 66.3706 72.9761 79.8733 63.435 54.8269 77.3956 73.6904 69.746 72.3244 65.7592 66.0993 71.7974 77.5171 79.8579 69.8255 70.3143 63.554 71.8552 68.4142 37.1412 90 90 71.2544 67.8057 70.887 80.0425 57.2648 80.0425 78.6149 45.493 78.6149 78.463 78.4631 53.1301 53.1301 78.4631 78.4631 58.4119 72.9761 77.3956 72.9761 77.3956 63.435 72.9761 72.9761 63.4349 58.4118 77.3956 77.3956 67.7924 67.7923 67.7923 73.3984 73.3984 73.3985 67.7924 67.7923 67.7923 73.3985 73.3984 73.3985 72.9761 72.9761 63.4349 58.4119 77.3956 77.3956 67.7924 67.7923 67.7923 73.3984 73.3985 73.3985 58.4119 72.9761 77.3956 72.9761 77.3956 63.4349 34.6952 86.3739 86.3739 78.463 78.463 53.1301 84.5699 85.9553 38.2805 63.435 72.9761 77.3956 58.4119 72.9761 77.3956 72.9761 77.3956 63.435 67.7923 67.7924 67.7923 73.3985 73.3985 73.3984 32.7352 90 90 77.7009 77.7009 46.3972 72.3244 69.746 65.7592 66.0993 77.5171 71.7974 69.8255 68.4142 63.554 70.3143 79.8579 71.8552 90 90 37.1412 70.887 67.8058 71.2544 54.8269 79.8733 73.6904 72.9761 77.3956 63.435 58.8621 69.8668 73.8006 82.1106 72.9955 65.2503 90 90 35.8687 62.7158 70.2633 74.291 66.806 66.806 66.3706 66.6283 78.881 78.881 30.7544 86.8202 86.8202 79.6738 79.6738 53.1301 34.4092 93.7671 82.5954 64.4447 86.3934 59.3494 75.275 66.3597 62.9284 66.1816 70.0082 82.0969 34.4091 82.5954 93.7671 86.3934 64.4447 59.3493 69.8668 58.8621 73.8006 82.1106 65.2503 72.9954 75.275 62.9283 66.3597 70.0082 66.1816 82.0969 78.894 64.1329 65.0216 57.5269 70.1159 86.8684 35.8687 90 90 74.291 70.2633 62.7158 95.371 81.6679 31.7639 49.7637 67.5859 89.3772 78.4631 78.4631 53.1301 53.1301 78.4631 78.463 72.9761 77.3956 58.4119 63.4349 72.9761 77.3956 58.4118 72.9761 77.3956 72.9761 77.3956 63.435 58.4118 72.9761 77.3956 72.9761 77.3956 63.435 67.7923 67.7923 67.7923 73.3985 73.3985 73.3985 67.7923 67.7923 67.7923 73.3985 73.3985 73.3985 77.3956 72.9761 58.4118 63.435 77.3956 72.9761 73.3985 73.3985 67.7923 73.3984 67.7924 67.7924 78.4631 78.4631 53.1301 53.1301 78.4631 78.4631 63.435 72.9761 72.9761 77.3956 77.3956 58.4118 29.2059 90 90 77.3956 72.9761 63.435 67.7923 67.7923 67.7923 73.3985 73.3985 73.3985 78.4631 78.4631 53.1301 53.1301 78.4631 78.4631 67.7923 67.7923 67.7924 73.3985 73.3985 73.3984 67.7923 67.7923 67.7924 73.3985 73.3984 73.3985 72.9761 72.9761 63.435 58.4119 77.3956 77.3956 63.435 72.9761 72.9761 77.3956 77.3956 58.4119 72.9761 72.9761 63.435 58.4118 77.3956 77.3956 77.3956 63.435 77.3956 72.9761 58.4119 72.9761 37.1412 90 90 71.2544 67.8058 70.887 57.2648 78.6149 78.6149 80.0425 80.0425 45.493 72.9761 79.8732 63.435 54.827 77.3956 